1 1 1 1 1 1 1
2 2 2 2 2 2 2
3 3 3 3 3 3 3
4 4 4 4 4 4 4
5 5 5 5 5 5 5
6 6 6 6 6 6 6
7 7 7 7 7 7 7

0 0 0 0 0 0 0
0 0 0 0 0 0 0
0 0 0 0 0 0 0
0 0 0 0 0 0 0
0 0 0 0 0 0 0
0 0 0 0 0 0 0
0 0 0 0 0 0 0

0 1 0 0 0 0 2
0 2 3 4 0 6 7
1 0 0 0 0 5 0
0 0 0 0 0 0 0
5 6 0 2 0 0 7
2 0 0 0 0 3 0
1 2 3 4 5 6 6

0 1 0 0 0 0 2
0 2 3 4 0 6 7
1 0 0 0 0 5 0
0 0 0 0 0 0 0
5 6 0 2 0 0 7
2 0 0 0 0 3 0
1 2 3 4 0 0 6

0 1 0 0 0 0 2
0 2 3 4 0 6 7
1 0 0 3 0 5 0
0 0 5 0 0 0 0
5 6 0 2 0 0 7
2 0 0 0 0 3 0
1 2 3 4 0 0 6

7 4 1 5 3 2 6
5 0 1 2 4 2 7
6 6 3 1 3 1 1
5 7 2 4 4 2 3
0 1 3 1 7 0 6
4 5 7 5 3 5 3
7 4 3 6 2 4 5

5 0 4 7 5 6 0
6 0 3 2 7 1 3
1 6 5 1 0 4 6
1 2 2 5 3 7 6
0 2 4 1 3 5 2
4 7 6 4 1 0 3
6 5 7 3 1 2 3

